Line 229, 230
Line 16 - 288
Line 6, 7, 8, 261, 269, 270, 271
Line 234, 235, 345, 432, 443, 
Line 276, 278, 282
Line 345, 432, 443
Line 292 - 309
Line 334, 335, 336, 337
Line 334, 335, 336, 337
Line 340 - 427
Line 352, 353, 354, 385, 386, 387
Line 355, 388
Line 356, 360, 361, 390, 391
Line 406-431
Line 374, 375, 376, 377, 399, 400, 401, 402, 
Line 364, 365, 366, 367 
Line 370, 371 
Line 345, 438, 449, 
Line 378, 403
Line 415, 416, 417
Line 434 - 374
Line 437, 438, 448, 449
Line 459-464
Line 440-444, 451-455, 459-464, 468-473
Line 459, 460, 461, 468, 469, 470
Line 462, 463, 471, 472
Line 475-529
Line 530-584
Line 482, 483, 484, 
Line 540, 541, 542
Line 234, 235
Line 478, 479, 480, 487
Line 489, 490, 491, 493
Line 495, 496, 497, 498, 500
Line 503, 504, 505, 506, 508, 
Line 511, 512, 513, 514, 516
Line 519, 520, 521, 522, 524
Line 526
Line 539, 540, 541, 543
Line 544
Line 546, 547, 548, 549
Line 551, 552, 553, 554
Line 556, 557, 558, 559
Line 561, 562, 563, 564
Line 566, 567, 568, 569
Line 573, 575, 577, 579, 581
Line 586, 587, 588, 589, 591, 592, 593, 595, 597, 599, 601, 603
Line 595
Line 597
Line 599
Line 601
Line 603

